designator,date,n_known,IC,entropy_bits
QTXMA,1941-09-29,155,0.057729,4.1541
  repeats: [('OQX', 2), ('QXY', 2), ('OEM', 2), ('EMY', 2), ('XYT', 2)]
  autocorr: [(6, 17, 0.11409395973154363), (22, 13, 0.09774436090225563), (16, 12, 0.08633093525179857), (15, 12, 0.08571428571428572), (12, 12, 0.08391608391608392)]
SZAEJ,1941-09-29,51,0.052549,4.0218
  repeats: []
  autocorr: [(24, 4, 0.14814814814814814), (25, 3, 0.11538461538461539), (23, 3, 0.10714285714285714), (13, 4, 0.10526315789473684), (21, 3, 0.1)]
BYQMZ,1941-09-30,166,0.039503,4.5794
  repeats: []
  autocorr: [(3, 10, 0.06134969325153374), (19, 9, 0.061224489795918366), (14, 9, 0.05921052631578947), (27, 8, 0.05755395683453238), (25, 8, 0.05673758865248227)]
FKQLZ,1941-09-30,107,0.032622,4.6118
  repeats: []
  autocorr: [(15, 7, 0.07608695652173914), (29, 5, 0.0641025641025641), (12, 6, 0.06315789473684211), (27, 5, 0.0625), (7, 6, 0.06)]
XFEDT,1941-09-30,97,0.032861,4.5949
  repeats: [('LRX', 2)]
  autocorr: [(24, 5, 0.0684931506849315), (15, 5, 0.06097560975609756), (13, 5, 0.05952380952380952), (11, 5, 0.05813953488372093), (9, 5, 0.056818181818181816)]
